LOSS | ACC | LEARNING_RATE
-12 2.301150081468665 0.12173913224883702 6.14421235332821e-06
LOSS | ACC | LEARNING_RATE
-12 2.301500786905703 0.09999999857467154 6.14421235332821e-06
LOSS | ACC | LEARNING_RATE
-12 2.3005839410035507 0.10434782893761345 6.14421235332821e-06
-11 2.300853980105856 0.12608695652173912 1.670170079024566e-05
-10 2.299958378335704 0.13043478474668835 4.5399929762484854e-05
-9 2.2895507460055144 0.29130433979241743 0.00012340980408667956
-8 1.6926290926725969 0.4217391338037408 0.00033546262790251185
-7 1.508451647343843 0.53913043944732 0.0009118819655545162
-6 1.1508318942526112 0.6478260942127394 0.0024787521766663585
-5 1.722752480921538 0.3565217329108197 0.006737946999085467
-4 2.3037348332612413 0.12608695341193157 0.01831563888873418
